174414240
243603360
416576160
520359840
762521760
41801760
44684640
53333280
59099040
61981920
67747680
76396320
85044960
87927840
96576480
102342240
105225120
113873760
119639520
128288160
139819680
145585440
148468320
154234080
157116960
162882720
183062880
188828640
197477280
200360160
214774560
217657440
226306080
234954720
240720480
249369120
258017760
260900640
275315040
278197920
283963680
286846560
304143840
321441120
327206880
330089760
335855520
344504160
347387040
361801440
370450080
379098720
387747360
390630240
399278880
405044640
407927520
422341920
442522080
448287840
451170720
456936480
477116640
485765280
500179680
503062560
508828320
517476960
529008480
537657120
546305760
552071520
560720160
572251680
578017440
589548960
603963360
606846240
621260640
624143520
632792160
638557920
647206560
658738080
664503840
667386720
673152480
690449760
701981280
707747040
719278560
725044320
733692960
750990240
753873120
779819040
788467680
802882080
467890039
735134400
